90 799
125 1499
214 799
236 1499
279 799
287 799
292 1499
303 799
327 1499
328 799
346 1499
359 799
400 799
401 1499
422 1499
423 499
427 499
462 1499
491 1499
514 1499
532 1499
555 1499
558 799
623 1499
639 1499
678 1499
698 499
715 499
781 1499
782 499
792 499
816 1499
891 1499
912 499
913 799
937 1499
958 799
967 1499
1005 1499
1019 799
1020 1499
1146 1499
1189 799
1222 1499
1261 499
1271 799
1335 1499
1360 1499
1367 1499
1403 799
1426 1499
1477 499
1496 499
1631 1499
1720 1499
1769 1499
1775 1499
1776 1499
1781 799
1813 499
1817 799
1846 799
1849 499
1891 1499
1929 799
1979 1499
2028 1499
2062 499
2073 1499
2150 1499
2151 1499
2186 1499
2226 1499
2246 1499
2247 799
2301 1499
2307 799
2343 1499
2365 1499
2370 1499
2387 1499
2434 499
2475 499
2494 799
2577 499
2586 1499
2625 1499
2626 499
2636 1499
2722 1499
2730 1499
2735 499
2782 799
2835 1499
2862 499
2936 1499
2973 499
3002 499
3074 1499
3083 1499
3143 499
3145 799
3232 1499
3267 1499
3273 499
3314 799
3322 1499
3339 1499
3351 1499
3363 799
3400 799
3421 1499
3460 799
3469 499
3475 1499
3476 499
3506 799
3539 1499
3554 799
3564 1499
3628 1499
3634 1499
3655 499
3666 799
3748 1499
3777 799
3779 1499
3791 1499
3827 1499
3875 1499
3883 1499
3967 799
3977 799
3983 1499
3985 1499
3996 1499
4002 799
4026 1499
4032 799
4063 1499
4143 1499
4203 799
4275 799
4287 799
4302 499
4326 1499
4337 499
4377 1499
4384 1499
4397 1499
4458 499
4480 799
4484 1499
4517 799
4543 799
4636 1499
4717 1499
4732 1499
4768 499
4797 1499
4839 799
4890 1499
4932 1499
4956 799
4969 499
4989 1499
4999 1499
5025 1499
5031 1499
5082 799
5173 799
5211 1499
5254 1499
5293 1499
5338 1499
5388 1499
5424 799
5487 1499
5567 1499
5584 499
5586 799
5599 499
5616 799
5634 1499
5644 1499
5661 499
5695 799
5703 499
5759 799
5769 799
5773 799
5853 1499
6115 1499
6127 1499
6134 1499
6159 1499
6181 1499
6208 1499
6213 799
6222 799
6251 1499
6323 799
6329 1499
6374 1499
6420 1499
6482 1499
6483 799
6585 1499
6602 799
6632 1499
6640 799
6708 499
6737 1499
6742 499
6778 1499
6797 499
6914 1499
6928 499
7031 499
7042 799
7056 799
7059 799
7106 799
7124 1499
7149 1499
7169 499
7198 499
7322 1499
7366 1499
7429 1499
7453 1499
7475 799
7557 799
7563 1499
7585 1499
7596 1499
7602 1499
7639 799
7674 799
7692 1499
7735 799
7737 1499
7766 799
7773 1499
7812 1499
7834 799
7837 799
7839 799
7893 1499
7912 1499
7976 1499
7997 1499
8002 799
8016 1499
8175 1499
8204 1499
8207 1499
8244 799
8377 499
8431 1499
8496 1499
8507 1499
8526 1499
8530 1499
8563 1499
8614 799
8622 799
8653 1499
8730 799
8760 799
8780 1499
8814 499
8835 1499
8875 799
8884 1499
8885 1499
8903 799
8974 799
9007 1499
9047 799
9140 499
9157 799
9172 499
9212 799
9254 1499
9263 799
9300 799
9379 799
9435 1499
9442 799
9453 499
9458 1499
9511 1499
9540 499
9541 1499
9542 1499
9551 799
9577 1499
9598 1499
9627 499
9687 1499
9699 1499
9766 799
9781 499
9812 799
9833 1499
9896 1499
9924 499
9944 799
9966 499
9986 499
10003 499
10008 1499
10021 1499
10152 1499
10176 799
10193 799
10218 1499
10244 1499
10246 1499
10267 1499
10272 799
10291 1499
10302 1499
10308 799
10316 499
10322 799
10333 1499
10391 1499
10407 499
10423 1499
10440 1499
10479 1499
10489 1499
10527 799
10558 1499
10561 1499
10590 799
10593 799
10601 499
10693 1499
10731 1499
10733 1499
10734 1499
10781 799
10817 799
10890 499
10925 1499
10951 799
10992 1499
11027 799
11042 799
11048 1499
11088 499
11100 499
11109 1499
11140 1499
11146 1499
11160 1499
11182 1499
11217 799
11272 799
11304 799
11318 1499
11353 1499
11433 1499
11451 799
11458 799
11498 1499
11509 1499
11511 1499
11536 799
11547 1499
11597 499
11625 499
11665 1499
11680 1499
11699 499
11706 799
11707 1499
11740 499
11756 1499
11779 1499
11783 1499
11815 799
11821 499
11867 1499
11887 1499
11923 1499
11987 1499
12006 499
12068 1499
12124 1499
12148 1499
12150 1499
12153 1499
12183 1499
12210 799
12235 1499
12237 1499
12364 799
12420 1499
12424 1499
12461 799
12471 1499
12485 1499
12492 799
12678 1499
12688 799
12705 1499
12738 1499
12751 1499
12764 799
12794 499
12811 799
12859 499
12879 499
12892 499
12893 799
12908 1499
12920 499
12956 1499
12995 799
13015 1499
13026 799
13040 1499
13066 499
13120 1499
13146 799
13154 799
13193 799
13227 799
13231 1499
13288 1499
13322 1499
13326 1499
13359 799
13361 1499
13368 799
13373 799
13425 1499
13434 499
13467 799
13551 499
13568 1499
13580 799
13587 799
13593 1499
13594 799
13601 1499
13663 499
13727 799
13858 799
13869 1499
13877 1499
13901 1499
13917 799
13939 1499
13969 799
14035 499
14039 499
14047 1499
14098 799
14104 1499
14177 1499
14265 499
14277 1499
14291 499
14310 799
14359 1499
14425 1499
14453 499
14468 1499
14492 799
14558 1499
14584 1499
14598 799
14602 1499
14645 799
14646 499
14665 1499
14669 799
14691 799
14724 1499
14734 1499
14751 499
14797 1499
14832 499
14855 1499
14886 1499
14899 499
14946 1499
14991 1499
15028 799
15065 1499
15115 1499
15116 1499
15153 499
15165 799
15205 799
15240 799
15265 1499
15268 1499
15294 1499
15302 1499
15305 1499
15315 1499
15333 499
15348 1499
15353 1499
15384 1499
15395 1499
15455 499
15506 499
15508 799
15536 799
15549 799
15561 799
15579 799
15618 799
15634 799
15747 499
15753 499
15757 499
15780 1499
15842 1499
15862 1499
15865 499
15896 799
15921 1499
15936 499
15976 1499
15991 499
15997 1499
16128 799
16215 499
16281 499
16295 1499
16296 1499
16329 799
16341 799
16421 1499
16450 499
16457 1499
16510 799
16543 799
16559 1499
16570 1499
16572 1499
16599 1499
16645 499
16646 799
16689 1499
16729 499
16737 1499
16766 799
16772 1499
16786 1499
16800 499
17003 799
17011 499
17033 1499
17054 1499
17056 799
17059 1499
17099 799
17129 1499
17177 1499
17182 1499
17184 1499
17208 799
17266 1499
17326 1499
17347 799
17385 1499
17398 799
17419 799
17467 1499
17495 1499
17504 1499
17531 1499
17601 1499
17627 1499
17654 799
17671 1499
17678 499
17697 1499
17768 1499
17790 499
17818 1499
18045 1499
18072 499
18075 1499
18078 799
18088 1499
18096 799
18155 1499
18159 799
18207 1499
18215 799
18224 1499
18289 1499
18349 1499
18380 799
18391 1499
18444 1499
18446 499
18458 1499
18484 1499
18534 1499
18558 499
18578 1499
18613 1499
18637 1499
18687 1499
18691 499
18751 1499
18806 1499
18814 799
18839 1499
18858 799
18873 499
18900 1499
18960 1499
18973 799
18982 1499
19021 1499
19060 499
19197 1499
19224 1499
19269 499
19276 1499
19284 1499
19301 1499
19314 799
19368 499
19387 1499
19396 799
19431 499
19468 1499
19482 799
19493 1499
19495 1499
19526 1499
19544 799
19551 799
19581 799
19605 1499
19613 799
19615 1499
19616 499
19633 799
19721 799
19727 499
19807 1499
19815 799
19860 1499
19889 1499
19924 799
19986 1499
20029 499
20041 799
20063 799
20072 1499
20107 1499
20110 499
20197 1499
20265 799
20315 1499
20400 1499
20411 1499
20417 1499
20422 1499
20469 799
20470 1499
20522 1499
20558 1499
20572 1499
20634 1499
20646 799
20661 499
20687 799
20733 499
20783 1499
20820 1499
20887 1499
20900 499
20925 499
20939 1499
20949 1499
21008 499
21029 1499
21042 1499
21055 1499
21067 1499
21094 799
21173 799
21326 1499
21334 1499
21391 799
21403 1499
21416 1499
21441 799
21449 1499
21482 1499
21501 799
21520 799
21522 799
21596 799
21660 499
21684 799
21685 1499
21737 499
21772 799
21811 1499
21838 1499
21926 1499
21945 799
21968 1499
21981 1499
22024 499
22080 1499
22105 1499
22109 499
22135 1499
22152 1499
22155 499
22167 799
22181 499
22185 1499
22245 499
22348 1499
22375 1499
22386 1499
22389 499
22399 499
22426 799
22467 1499
22470 1499
22505 799
22522 1499
22558 1499
22585 1499
22631 1499
22680 1499
22688 1499
22706 799
22728 1499
22771 799
22848 499
22988 1499
23018 1499
23026 1499
23035 1499
23047 1499
23066 1499
23128 1499
23288 1499
23302 1499
23308 799
23332 799
23371 499
23402 499
23440 1499
23457 1499
23518 1499
23527 499
23530 499
23662 799
23797 799
23823 1499
23834 499
23895 799
23917 1499
23969 499
23995 1499
24019 1499
24020 1499
24038 1499
24060 1499
24100 799
24148 799
24168 499
24185 1499
24254 1499
24265 1499
24321 799
24329 1499
24337 1499
24372 499
24383 1499
24450 1499
24499 499
24568 1499
24574 1499
24602 1499
24731 1499
24741 1499
24757 1499
24773 499
24834 499
24863 1499
24892 799
24903 1499
24905 799
24955 799
24961 1499
24998 499
25039 799
25076 499
25078 1499
25111 1499
25129 799
25130 1499
25244 499
25284 1499
25295 499
25314 1499
25347 1499
25348 1499
25359 1499
25413 499
25492 799
25534 499
25645 499
25685 499
25696 1499
25716 1499
25729 799
25813 1499
25823 799
25883 1499
25918 1499
25956 1499
25963 1499
25969 1499
25980 1499
25996 799
26047 1499
26154 799
26183 799
26218 1499
26238 1499
26250 1499
26255 1499
26280 1499
26287 1499
26351 1499
26368 799
26413 1499
26458 499
26514 1499
26534 499
26543 1499
26557 1499
26605 1499
26634 1499
26726 1499
26740 499
26759 799
26790 799
26866 1499
26878 799
26936 799
26949 1499
27008 499
27021 499
27037 1499
27047 799
27051 499
27100 1499
27110 1499
27113 799
27121 1499
27137 799
27145 1499
27200 1499
27269 1499
27308 799
27343 1499
27353 799
27422 1499
27445 1499
27508 799
27523 1499
27540 1499
27547 1499
27609 799
27639 1499
27656 1499
27706 499
27724 799
27776 1499
27790 1499
27799 1499
27860 499
27900 1499
28059 1499
28066 799
28097 799
28100 799
28145 799
28180 799
28214 799
28231 1499
28243 799
28260 1499
28270 1499
28285 1499
28288 1499
28292 1499
28324 1499
28328 799
28383 499
28471 1499
28496 799
28498 799
28548 1499
28551 499
28570 799
28576 1499
28620 799
28674 799
28675 1499
28726 799
28763 799
28784 799
28886 1499
28891 1499
28897 499
28899 799
28919 499
28981 799
28994 499
28995 1499
29014 799
29067 499
29095 1499
29107 799
29135 1499
29148 1499
29182 1499
29294 499
29301 1499
29311 499
29321 1499
29329 1499
29364 1499
29424 1499
29448 499
29508 799
29518 799
29538 799
29554 1499
29557 1499
29588 1499
29595 1499
29596 799
29659 799
29662 499
29681 799
29691 1499
29702 799
29726 799
29764 1499
29767 799
29833 1499
29864 1499
29904 1499
29974 1499
29985 1499
29990 799
30026 1499
30028 799
30071 1499
30091 499
30171 799
30228 1499
30265 499
30292 1499
30355 499
30395 1499
30419 1499
30451 799
30469 1499
30517 1499
30523 499
30546 1499
30646 799
30714 499
30729 499
30740 799
30741 1499
30783 1499
30788 499
30811 1499
30812 799
30825 1499
30852 799
30858 1499
30896 1499
30977 799
30981 1499
30986 1499
30999 799
31058 799
31072 1499
31094 1499
31107 1499
31112 1499
31137 1499
31157 799
31158 1499
31174 1499
31189 799
31261 799
31310 799
31360 1499
31362 1499
31374 1499
31445 799
31503 1499
31520 1499
31548 1499
31565 499
31569 1499
31634 1499
31638 1499
31683 1499
31732 499
31754 799
31826 1499
31829 799
31861 799
31865 1499
31907 799
31920 799
31955 799
31966 499
31973 499
32009 1499
32017 1499
32044 799
32094 1499
32105 1499
32120 1499
32125 499
32181 799
32217 1499
32247 799
32259 1499
32277 799
32280 1499
32345 799
32362 1499
32419 1499
32454 1499
32480 1499
32588 1499
32636 799
32648 499
32676 1499
32694 1499
32701 799
32718 799
32741 1499
32792 499
32826 1499
32849 1499
32855 799
32856 499
32857 1499
32876 799
32928 1499
32955 1499
32979 499
33004 499
33020 799
33076 1499
33107 799
33119 799
33121 799
33151 799
33167 499
33182 1499
33205 1499
33220 1499
33223 1499
33239 1499
33299 799
33308 1499
33309 799
33358 1499
33412 1499
33448 799
33454 1499
33471 1499
33581 1499
33584 1499
33614 799
33647 499
33709 1499
33718 1499
33778 1499
33788 1499
33807 1499
33812 799
33817 1499
33831 499
33838 799
33857 1499
33887 1499
33974 1499
34178 1499
34196 1499
34216 499
34292 799
34337 799
34339 1499
34357 799
34366 799
34369 799
34377 1499
34420 799
34505 1499
34506 1499
34548 1499
34558 499
34608 499
34614 499
34632 799
34635 799
34651 499
34657 1499
34684 799
34729 1499
34747 1499
34749 1499
34762 799
34775 1499
34793 499
34830 1499
34834 1499
34842 1499
34845 499
34850 1499
34894 799
34984 1499
35018 1499
35068 1499
35070 499
35082 1499
35091 799
35110 799
35179 1499
35181 499
35234 1499
35251 1499
35283 499
35417 1499
35431 499
35438 1499
35535 1499
35549 799
35564 1499
35576 499
35641 799
35654 1499
35656 499
35731 1499
35784 1499
35789 499
35814 1499
35846 799
35868 1499
35871 1499
35944 1499
35998 1499
36022 1499
36052 799
36058 499
36100 1499
36134 1499
36252 799
36319 799
36323 799
36353 1499
36389 1499
36401 1499
36443 799
36490 1499
36494 1499
36495 1499
36496 799
36539 499
36568 499
36625 1499
36632 1499
36666 1499
36702 1499
36705 1499
36706 1499
36738 499
36786 499
36799 1499
36806 1499
36837 799
36869 499
36873 1499
36880 499
36894 1499
36907 1499
36924 1499
36938 1499
36996 1499
37003 1499
37034 1499
37037 1499
37078 1499
37084 1499
37103 799
37140 799
37141 799
37292 799
37367 799
37374 1499
37389 1499
37394 499
37462 1499
37492 1499
37508 799
37513 499
37514 1499
37526 1499
37532 1499
37542 1499
37550 1499
37588 1499
37590 1499
37639 799
37684 1499
37764 1499
37803 1499
37837 1499
37871 1499
37884 799
37916 799
37925 1499
37981 1499
37994 1499
38077 1499
38080 799
38193 1499
38222 799
38249 799
38250 1499
38294 799
38308 1499
38313 1499
38363 1499
38399 499
38405 799
38419 799
38425 1499
38453 1499
38458 1499
38462 1499
38473 1499
38477 799
38506 1499
38509 799
38512 499
38532 799
38579 499
38587 1499
38600 1499
38665 799
38693 1499
38695 499
38701 1499
38720 1499
38730 1499
38744 499
38750 1499
38762 799
38777 799
38792 799
38802 1499
38836 1499
38951 799
38972 499
39013 1499
39020 799
39092 499
39105 1499
39138 1499
39159 499
39183 1499
39206 499
39232 1499
39244 1499
39270 799
39285 1499
39295 1499
39303 799
39319 799
39350 799
39352 1499
39361 1499
39374 499
39376 1499
39451 799
39470 1499
39587 499
39601 1499
39609 1499
39610 499
39644 799
39655 1499
39693 1499
39704 499
39710 799
39723 499
39757 1499
39765 1499
39805 1499
39848 799
39854 499
39870 499
39874 1499
39887 1499
39915 499
39932 1499
39980 799
40031 1499
40100 799
40188 499
40221 499
40226 799
40292 499
40351 1499
40354 499
40439 1499
40467 799
40548 1499
40549 799
40573 799
40623 1499
40748 1499
40810 799
40827 1499
40839 1499
40864 799
40961 1499
40963 799
41011 1499
41066 1499
41103 1499
41168 799
41171 1499
41205 499
41224 499
41282 1499
41299 1499
41412 1499
41420 1499
41433 799
41454 799
41459 1499
41472 1499
41479 1499
41488 1499
41524 799
41563 499
41586 1499
41622 1499
41637 1499
41642 1499
41650 1499
41739 799
41776 499
41793 799
41825 1499
41889 499
41925 499
41935 1499
41951 1499
41971 1499
42035 1499
42038 1499
42139 1499
42171 1499
42215 1499
42226 499
42238 499
42256 1499
42271 1499
42279 799
42299 799
42310 1499
42312 1499
42322 499
42328 1499
42410 499
42415 1499
42425 1499
42496 1499
42504 799
42510 1499
42568 799
42580 1499
42597 1499
42660 799
42671 799
42777 799
42843 799
42847 1499
42849 799
42889 499
42922 1499
42982 1499
42984 1499
43009 1499
43032 1499
43082 499
43084 499
43141 499
43151 1499
43187 1499
43217 799
43243 1499
43253 499
43256 799
43329 1499
43332 1499
43408 499
43416 799
43476 1499
43481 1499
43528 1499
43556 799
43571 499
43590 1499
43607 1499
43616 799
43691 1499
43705 799
43722 799
43746 799
43767 1499
43823 1499
43837 1499
43862 499
43922 1499
43926 799
43931 1499
43955 499
43967 1499
43988 799
44014 1499
44035 799
44065 499
44066 1499
44125 799
44171 1499
44189 799
44207 1499
44239 1499
44298 799
44333 799
44353 1499
44431 799
44432 1499
44478 1499
44479 1499
44522 1499
44596 1499
44622 1499
44641 799
44661 1499
44703 1499
44723 799
44772 499
44783 499
44785 1499
44794 1499
44872 499
44903 799
44906 799
44913 499
44927 1499
44933 1499
44963 1499
44975 799
44979 1499
44999 799
45009 1499
45097 1499
45098 1499
45153 499
45172 799
45202 1499
45220 1499
45223 1499
45378 799
45395 1499
45423 799
45440 1499
45471 799
45507 499
45533 1499
45577 799
45612 799
45651 1499
45702 799
45740 799
45743 499
45838 499
45903 499
45988 1499
46084 499
46087 1499
46181 799
46184 799
46224 1499
46252 1499
46307 799
46315 799
46323 1499
46327 1499
46400 1499
46401 799
46477 799
46491 799
46496 799
46507 1499
46544 1499
46612 799
46668 799
46679 1499
46727 499
46742 799
46782 799
46860 1499
46882 799
46888 1499
46944 1499
46962 499
46969 1499
47036 1499
47052 799
47123 1499
47134 499
47142 1499
47145 1499
47155 499
47168 499
47248 1499
47389 799
47432 1499
47446 1499
47503 1499
47516 799
47565 799
47582 499
47652 1499
47655 499
47670 799
47672 1499
47673 1499
47677 1499
47724 1499
47735 799
47760 1499
47820 1499
47826 1499
47835 799
47844 1499
47958 1499
47978 499
47979 799
47992 1499
48002 1499
48017 1499
48045 799
48063 799
48071 1499
48127 1499
48154 799
48160 799
48163 799
48175 1499
48191 499
48206 1499
48225 1499
48291 1499
48292 1499
48316 1499
48319 1499
48330 1499
48357 799
48384 799
48385 499
48409 1499
48421 799
48471 799
48554 1499
48573 799
48586 799
48590 799
48595 799
48617 799
48630 799
48659 499
48702 1499
48755 1499
48797 1499
48804 1499
48844 1499
48876 1499
48925 799
48942 1499
48947 1499
48974 1499
49000 1499
49010 799
49024 799
49068 499
49089 799
49095 799
49109 1499
49116 799
49195 1499
49232 799
49277 1499
49278 799
49348 799
49359 1499
49376 1499
49385 1499
49391 1499
49431 499
49483 799
49697 799
49748 799
49763 799
49785 1499
49802 1499
49822 1499
49868 1499
49869 1499
49901 799
49913 1499
49929 1499
49943 1499
49967 499
49992 499
50029 1499
50098 1499
50188 799
50302 799
50315 799
50342 1499
50348 1499
50359 1499
50397 1499
50403 1499
50408 1499
50434 799
50452 1499
50464 1499
50475 1499
50502 1499
50512 799
50587 1499
50618 499
50621 499
50658 799
50678 1499
50683 1499
50685 1499
50744 799
50751 1499
50757 1499
50807 499
50871 1499
50876 499
50892 1499
50893 799
50938 1499
51004 799
51005 799
51010 799
51055 799
51095 799
51120 1499
51189 799
51192 1499
51246 799
51259 799
51299 799
51353 1499
51375 799
51408 799
51436 1499
51443 499
51452 1499
51469 1499
51523 1499
51546 1499
51548 1499
51570 799
51592 799
51610 499
51623 1499
51631 1499
51639 799
51666 1499
51684 1499
51737 1499
51755 1499
51768 1499
51797 799
51800 799
51803 1499
51804 1499
51822 1499
51854 1499
51871 1499
51917 1499
51938 499
51979 799
52021 1499
52034 1499
52070 799
52094 1499
52156 1499
52179 1499
52185 499
52282 1499
52304 499
52334 1499
52336 799
52342 799
52346 799
52364 1499
52378 1499
52438 1499
52459 799
52476 799
52483 499
52493 499
52512 799
52535 1499
52703 1499
52706 799
52717 799
52725 1499
52768 1499
52792 1499
52825 799
52881 1499
52884 1499
52912 1499
52916 1499
52942 1499
52949 1499
52950 1499
53003 1499
53011 799
53031 1499
53068 1499
53091 799
53105 1499
53141 1499
53179 1499
53194 499
53195 1499
53226 1499
53286 1499
53336 1499
53358 499
53364 1499
53373 1499
53386 799
53422 1499
53438 1499
53440 1499
53451 1499
53482 1499
53513 499
53516 799
53527 1499
53535 799
53539 799
53552 799
53575 1499
53586 1499
53687 799
53691 799
53715 499
53725 499
53772 499
53826 799
53848 499
53903 1499
53943 1499
54003 1499
54009 1499
54093 499
54141 1499
54176 1499
54180 799
54189 499
54217 1499
54221 799
54245 499
54250 1499
54251 799
54272 799
54273 1499
54281 1499
54321 1499
54337 799
54370 499
54491 1499
54502 499
54632 1499
54634 799
54666 799
54668 1499
54727 1499
54807 1499
54829 799
54869 799
54878 499
54895 1499
54902 1499
54919 1499
54933 799
54970 799
54974 799
54988 1499
54992 499
55041 799
55047 1499
55062 799
55120 499
55124 499
55191 1499
55212 499
55221 1499
55263 499
55265 1499
55421 499
55434 799
55449 799
55452 1499
55455 1499
55463 1499
55466 799
55482 1499
55538 1499
55546 499
55558 1499
55593 499
55633 799
55659 799
55685 1499
55706 1499
55732 799
55806 499
55810 1499
55811 1499
55819 799
55842 799
55896 1499
55952 1499
55993 1499
56012 1499
56026 1499
56033 1499
56119 1499
56147 799
56180 499
56192 799
56246 1499
56257 499
56288 1499
56427 799
56502 1499
56529 799
56545 799
56554 1499
56572 1499
56579 799
56580 1499
56588 1499
56618 799
56646 1499
56649 1499
56689 499
56695 1499
56723 799
56736 1499
56746 1499
56864 1499
56892 1499
56932 1499
56956 799
56973 1499
56978 799
57005 799
57009 1499
57026 799
57055 1499
57106 499
57113 1499
57129 1499
57133 1499
57156 1499
57182 1499
57245 1499
57257 1499
57291 1499
57314 1499
57372 799
57381 1499
57413 1499
57436 1499
57508 1499
57515 1499
57532 799
57575 499
57673 1499
57695 799
57751 499
57762 499
57789 1499
57815 1499
57834 1499
57840 1499
57875 1499
57883 1499
57914 1499
57946 1499
57962 1499
57977 1499
57982 1499
58002 1499
58058 1499
58087 1499
58093 1499
58095 499
58098 1499
58320 499
58347 799
58401 499
58408 1499
58444 499
58480 1499
58541 1499
58559 799
58576 499
58649 1499
58712 1499
58737 799
58744 1499
58751 799
58757 799
58790 1499
58811 799
58812 499
58821 799
58865 1499
58870 1499
58900 799
59016 1499
59034 1499
59061 1499
59062 799
59096 799
59103 499
59128 799
59139 1499
59154 499
59158 1499
59160 1499
59192 799
59201 1499
59274 499
59296 1499
59301 1499
59359 799
59389 799
59405 799
59428 1499
59439 499
59446 1499
59539 1499
59543 799
59596 1499
59601 1499
59615 799
59637 1499
59693 799
59754 799
59791 499
59843 1499
59893 499
59959 799
59971 1499
59974 1499
59975 499
59995 1499
60063 799
60178 499
60181 799
60198 499
60207 499
60209 1499
60230 1499
60241 799
60255 1499
60256 799
60268 499
60272 499
60290 799
60327 1499
60342 1499
60364 1499
60389 799
60408 1499
60433 1499
60462 499
60465 1499
60488 499
60496 799
60529 1499
60555 1499
60586 1499
60594 1499
60598 1499
60674 1499
60703 1499
60727 799
60728 499
60735 1499
60814 1499
60838 1499
60849 499
60858 799
60859 799
60861 799
60963 799
60964 1499
60978 799
60980 1499
61032 799
61046 799
61057 499
61063 799
61114 1499
61123 799
61135 1499
61189 499
61206 1499
61240 799
61259 1499
61265 1499
61274 499
61343 1499
61470 799
61526 1499
61539 799
61590 1499
61602 1499
61712 1499
61768 499
61796 499
61865 1499
61921 799
61965 799
61993 1499
62036 799
62065 1499
62070 499
62084 799
62088 1499
62126 499
62191 799
62202 499
62226 799
62233 799
62239 499
62261 1499
62276 799
62288 1499
62333 499
62420 1499
62472 799
62481 1499
62582 799
62588 799
62594 799
62620 1499
62641 1499
62644 1499
62677 799
62703 1499
62708 499
62713 1499
62715 1499
62718 499
62790 1499
62825 1499
62843 1499
62846 499
62854 799
62856 799
62878 1499
62881 499
62891 499
62938 1499
63052 799
63081 799
63084 1499
63132 1499
63184 1499
63200 1499
63229 799
63259 499
63274 1499
63281 1499
63286 1499
63310 1499
63356 1499
63376 799
63398 499
63440 799
63477 499
63481 1499
63497 1499
63499 1499
63507 799
63523 799
63542 1499
63545 1499
63556 1499
63562 1499
63571 499
63596 1499
63605 499
63656 1499
63683 799
63732 1499
63804 1499
63862 799
63868 799
63924 1499
63949 499
63958 799
63964 799
63988 799
64064 499
64097 799
64135 1499
64160 1499
64162 799
64168 799
64238 499
64241 1499
64254 799
64328 1499
64354 1499
64419 499
64484 1499
64496 1499
64500 499
64578 1499
64616 799
64663 499
64669 499
64672 499
64674 1499
64683 1499
64692 1499
64693 799
64695 1499
64696 799
64730 499
64741 499
64758 1499
64768 1499
64880 499
64930 499
64947 799
64962 799
64966 799
65036 499
65049 799
65082 799
65083 1499
65114 1499
65133 799
65140 1499
65164 1499
65191 1499
65212 499
65294 499
65321 499
65356 799
65371 1499
65513 1499
65536 499
65622 1499
65662 1499
65688 1499
65706 1499
65715 1499
65831 799
65857 799
65872 499
65876 499
65877 1499
65886 799
65998 1499
66019 799
66040 799
66050 1499
66085 1499
66108 799
66138 499
66155 1499
66220 799
66243 1499
66256 499
66346 1499
66368 799
66395 799
66401 1499
66440 1499
66464 799
66468 1499
66496 799
66518 499
66541 499
66567 499
66575 1499
66582 799
66613 1499
66621 499
66680 1499
66729 1499
66765 1499
66769 1499
66786 1499
66800 1499
66823 499
66846 1499
66847 799
66852 1499
66866 499
66877 799
66907 1499
66921 1499
66936 499
66975 1499
67016 499
67073 499
67112 1499
67136 499
67139 499
67142 499
67167 799
67216 799
67224 499
67235 1499
67244 499
67272 1499
67282 1499
67288 1499
67316 499
67454 799
67457 799
67464 1499
67486 799
67512 499
67560 1499
67600 1499
67605 499
67616 499
67621 499
67674 799
67729 1499
67782 499
67796 499
67818 799
67819 1499
67820 1499
67822 1499
67859 1499
67873 1499
67889 799
67913 1499
67950 1499
67951 799
67954 1499
67977 1499
67988 799
67997 1499
68002 799
68023 1499
68030 1499
68180 1499
68182 499
68209 799
68228 1499
68231 799
68289 1499
68323 499
68351 799
68402 1499
68405 1499
68452 499
68599 1499
68615 799
68637 799
68854 1499
68931 1499
68971 1499
69004 1499
69012 1499
69066 1499
69123 1499
69157 1499
69183 1499
69241 799
69343 499
69389 499
69450 1499
69484 1499
69499 1499
69504 1499
69524 499
69560 1499
69627 799
69743 1499
69792 799
69818 1499
69819 799
69832 499
69859 1499
69872 799
69883 1499
69889 499
70001 799
70034 1499
70072 1499
70089 499
70097 799
70103 799
70124 499
70129 1499
70131 1499
70210 1499
70248 799
70251 799
70257 1499
70265 1499
70347 799
70348 1499
70370 499
70387 1499
70394 799
70411 1499
70456 1499
70469 799
70480 799
70487 1499
70516 1499
70558 1499
70591 799
70625 1499
70635 1499
70676 1499
70680 1499
70729 1499
70744 1499
70749 1499
70803 1499
70807 799
70821 499
70841 1499
70866 499
70867 1499
70875 499
70881 799
70890 1499
70960 1499
70976 1499
70991 1499
70993 1499
71036 1499
71073 1499
71094 1499
71101 1499
71122 1499
71174 799
71195 1499
71325 1499
71347 499
71356 799
71359 1499
71389 1499
71401 1499
71428 1499
71434 1499
71468 799
71488 499
71497 799
71576 1499
71593 799
71606 1499
71652 1499
71769 499
71777 1499
71912 1499
71916 499
71935 1499
72007 799
72083 799
72115 1499
72158 499
72175 1499
72177 799
72180 499
72197 799
72220 799
72259 1499
72284 799
72291 1499
72320 799
72411 799
72428 1499
72434 1499
72448 1499
72459 499
72606 1499
72607 1499
72608 799
72671 799
72683 499
72731 1499
72768 1499
72776 499
72831 499
72843 1499
72871 499
72879 499
72923 1499
73020 799
73066 499
73088 1499
73105 1499
73128 1499
73156 499
73176 799
73196 799
73224 799
73229 799
73237 1499
73322 499
73370 1499
73411 1499
73434 1499
73474 499
73529 799
73533 799
73671 799
73702 499
73718 1499
73756 799
73760 799
73777 1499
73860 799
73892 499
73912 799
73950 1499
74039 1499
74086 1499
74136 1499
74151 499
74170 1499
74201 1499
74218 799
74233 1499
74236 799
74247 1499
74275 1499
74286 1499
74318 1499
74366 799
74367 1499
74373 799
74422 1499
74447 799
74507 499
74535 499
74598 799
74610 799
74611 499
74628 1499
74724 799
74726 799
74769 1499
74777 1499
74828 499
74863 499
74896 799
74902 1499
74912 799
75014 499
75016 799
75063 799
75131 799
75136 1499
75162 499
75208 799
75250 1499
75259 799
75286 799
75303 1499
75343 1499
75349 1499
75362 1499
75364 1499
75406 1499
75416 1499
75434 1499
75447 1499
75476 799
75480 1499
75484 799
75521 1499
75573 499
75587 1499
75670 1499
75700 1499
75730 1499
75742 499
75769 1499
75774 1499
75873 799
75876 1499
75880 1499
75891 1499
75917 1499
75924 1499
75946 1499
75962 799
75975 1499
75979 799
76024 1499
76030 1499
76062 1499
76108 799
76128 1499
76141 1499
76154 1499
76192 1499
76193 799
76209 1499
76255 499
76259 1499
76276 1499
76293 1499
76298 799
76309 1499
76419 1499
76459 1499
76526 499
76567 799
76610 1499
76623 1499
76660 499
76680 1499
76697 799
76719 1499
76883 1499
76901 1499
76917 1499
76944 1499
76958 799
76966 1499
76972 499
77004 499
77051 1499
77057 799
77066 499
77123 799
77135 1499
77167 499
77168 499
77243 1499
77295 1499
77332 799
77375 499
77391 1499
77433 1499
77469 1499
77507 1499
77528 499
77549 499
77620 1499
77645 499
77657 1499
77727 499
77753 1499
77818 1499
77819 799
77836 499
77874 799
77908 1499
77912 799
77994 1499
78000 799
78029 799
78055 799
78074 499
78090 1499
78095 499
78096 499
78101 499
78153 1499
78166 799
78167 499
78206 1499
78210 799
78263 1499
78305 1499
78371 799
78450 1499
78462 799
78490 499
78494 499
78550 1499
78563 1499
78600 1499
78698 1499
78730 1499
78736 1499
78773 499
78793 1499
78817 499
78844 799
78877 499
78879 1499
78892 499
78903 1499
78948 1499
78968 1499
79067 1499
79085 499
79126 1499
79140 1499
79211 1499
79214 1499
79273 1499
79289 799
79300 799
79395 799
79434 1499
79443 1499
79458 799
79462 1499
79472 1499
79496 1499
79521 799
79524 499
79542 1499
79545 499
79554 1499
79634 1499
79637 1499
79643 1499
79646 1499
79677 1499
79683 1499
79714 799
79715 1499
79735 1499
79876 799
79919 799
79939 1499
80002 1499
80069 1499
80084 799
80088 1499
80116 1499
80137 1499
80215 1499
80237 1499
80328 799
80333 499
80334 1499
80352 799
80374 1499
80406 1499
80442 499
80490 499
80506 499
80515 1499
80585 1499
80618 1499
80694 1499
80699 1499
80741 1499
80762 1499
80782 1499
80843 1499
80847 1499
80883 799
80911 1499
80917 799
80967 799
80982 799
81047 799
81099 799
81101 799
81110 499
81132 499
81134 1499
81169 1499
81210 499
81286 799
81335 1499
81367 799
81409 1499
81422 499
81430 799
81435 799
81436 799
81439 1499
81443 1499
81453 799
81486 1499
81512 1499
81519 799
81539 1499
81613 799
81637 1499
81648 1499
81708 1499
81746 799
81767 1499
81803 1499
81834 799
81835 799
81854 499
81863 799
81898 499
81941 1499
81943 499
81981 1499
81988 799
81989 1499
82002 1499
82028 799
82107 799
82161 1499
